  28  

  0.0010000  0.9990000  0.0000000 
  0.0090000  0.9900000  0.0010000 
  0.0000000  0.0000000  0.0000000 

  0.0000000  0.0000000  0.0000000  0.0000000  0.0000000  0.0000000  0.0000000  0.0000000  0.0000000  0.0000000  0.0000000  0.0000000  0.0000000  0.0000000  0.0000000  0.0000000  0.0000000  0.0000000  0.0000000  0.0000000
  0.0500000  0.0500000  0.0500000  0.0500000  0.0500000  0.0500000  0.0500000  0.0500000  0.0500000  0.0500000  0.0500000  0.0500000  0.0500000  0.0500000  0.0500000  0.0500000  0.0500000  0.0500000  0.0500000  0.0500000

  0.9900000  0.0050000  0.0050000 
  0.9900000  0.0100000  0.0000000 
  0.9900000  0.0000000  0.0100000 

  0.0145226  0.0034423  0.0026223  0.0021795  0.0030351  0.0033867  0.0036803  0.0027108  0.0037103  0.1386200  0.1696932  0.0034867  0.0188972  0.2455696  0.0028159  0.0051976  0.0124103  0.0036182  0.1271972  0.2332040
  0.0500000  0.0500000  0.0500000  0.0500000  0.0500000  0.0500000  0.0500000  0.0500000  0.0500000  0.0500000  0.0500000  0.0500000  0.0500000  0.0500000  0.0500000  0.0500000  0.0500000  0.0500000  0.0500000  0.0500000

  0.9900000  0.0050000  0.0050000 
  0.9900000  0.0100000  0.0000000 
  0.9900000  0.0000000  0.0100000 

  0.1471991  0.0043133  0.0056568  0.0040280  0.0039291  0.0055578  0.0062060  0.0088880  0.0024954  0.1834793  0.0921008  0.0065491  0.0408398  0.1214887  0.0053082  0.0419692  0.0205190  0.0022462  0.0134777  0.2837484
  0.0500000  0.0500000  0.0500000  0.0500000  0.0500000  0.0500000  0.0500000  0.0500000  0.0500000  0.0500000  0.0500000  0.0500000  0.0500000  0.0500000  0.0500000  0.0500000  0.0500000  0.0500000  0.0500000  0.0500000

  0.9900000  0.0050000  0.0050000 
  0.9900000  0.0100000  0.0000000 
  0.9900000  0.0000000  0.0100000 

  0.0377708  0.0028524  0.0021592  0.0019664  0.0023652  0.0030893  0.0035700  0.0034680  0.0025658  0.0364940  0.2451544  0.0030414  0.0192707  0.5358148  0.0024060  0.0055352  0.0077706  0.0037720  0.0379919  0.0429418
  0.0500000  0.0500000  0.0500000  0.0500000  0.0500000  0.0500000  0.0500000  0.0500000  0.0500000  0.0500000  0.0500000  0.0500000  0.0500000  0.0500000  0.0500000  0.0500000  0.0500000  0.0500000  0.0500000  0.0500000

  0.9900000  0.0050000  0.0050000 
  0.9900000  0.0100000  0.0000000 
  0.9900000  0.0000000  0.0100000 

  0.0076553  0.0016397  0.0046602  0.0033960  0.0012260  0.0020242  0.0017949  0.9527415  0.0015387  0.0013453  0.0016070  0.0024126  0.0012648  0.0012489  0.0022426  0.0067996  0.0024126  0.0011614  0.0013941  0.0014348
  0.0500000  0.0500000  0.0500000  0.0500000  0.0500000  0.0500000  0.0500000  0.0500000  0.0500000  0.0500000  0.0500000  0.0500000  0.0500000  0.0500000  0.0500000  0.0500000  0.0500000  0.0500000  0.0500000  0.0500000

  0.9900000  0.0050000  0.0050000 
  0.9900000  0.0100000  0.0000000 
  0.9900000  0.0000000  0.0100000 

  0.0034240  0.0025781  0.0177233  0.9051951  0.0011492  0.0057296  0.0255107  0.0052156  0.0023333  0.0014514  0.0017891  0.0044509  0.0011759  0.0011650  0.0040392  0.0084907  0.0044509  0.0010467  0.0015143  0.0015669
  0.0500000  0.0500000  0.0500000  0.0500000  0.0500000  0.0500000  0.0500000  0.0500000  0.0500000  0.0500000  0.0500000  0.0500000  0.0500000  0.0500000  0.0500000  0.0500000  0.0500000  0.0500000  0.0500000  0.0500000

  0.9900000  0.0050000  0.0050000 
  0.9900000  0.0100000  0.0000000 
  0.9900000  0.0000000  0.0100000 

  0.0602473  0.0119724  0.0336532  0.0224285  0.0050755  0.0183816  0.0145587  0.0301174  0.0059376  0.0042206  0.0065437  0.0248565  0.0035058  0.0033647  0.0121879  0.6431484  0.0851539  0.0014362  0.0046536  0.0085565
  0.0500000  0.0500000  0.0500000  0.0500000  0.0500000  0.0500000  0.0500000  0.0500000  0.0500000  0.0500000  0.0500000  0.0500000  0.0500000  0.0500000  0.0500000  0.0500000  0.0500000  0.0500000  0.0500000  0.0500000

  0.9900000  0.0050000  0.0050000 
  0.9900000  0.0100000  0.0000000 
  0.9900000  0.0000000  0.0100000 

  0.0117190  0.0043317  0.0033502  0.0029605  0.0029099  0.0051173  0.0046652  0.0033103  0.0043221  0.1028723  0.4712334  0.0045651  0.0366666  0.0327711  0.0031580  0.0094867  0.0386990  0.0034357  0.1492970  0.1051291
  0.0500000  0.0500000  0.0500000  0.0500000  0.0500000  0.0500000  0.0500000  0.0500000  0.0500000  0.0500000  0.0500000  0.0500000  0.0500000  0.0500000  0.0500000  0.0500000  0.0500000  0.0500000  0.0500000  0.0500000

  0.9900000  0.0050000  0.0050000 
  0.9900000  0.0100000  0.0000000 
  0.9900000  0.0000000  0.0100000 

  0.1028967  0.0092563  0.0211619  0.0141761  0.0043880  0.0129741  0.0115303  0.0201144  0.0056194  0.0294777  0.0234713  0.0166310  0.0304816  0.0863465  0.0094457  0.3514597  0.1050616  0.0025941  0.0812481  0.0616654
  0.0500000  0.0500000  0.0500000  0.0500000  0.0500000  0.0500000  0.0500000  0.0500000  0.0500000  0.0500000  0.0500000  0.0500000  0.0500000  0.0500000  0.0500000  0.0500000  0.0500000  0.0500000  0.0500000  0.0500000

  0.9900000  0.0050000  0.0050000 
  0.9900000  0.0100000  0.0000000 
  0.9900000  0.0000000  0.0100000 

  0.2327612  0.0046981  0.0168455  0.5550965  0.0026909  0.0082170  0.0212428  0.0149976  0.0030419  0.0050403  0.0051491  0.0090557  0.0027683  0.0020289  0.0072424  0.0771849  0.0177099  0.0013220  0.0027475  0.0101597
  0.0500000  0.0500000  0.0500000  0.0500000  0.0500000  0.0500000  0.0500000  0.0500000  0.0500000  0.0500000  0.0500000  0.0500000  0.0500000  0.0500000  0.0500000  0.0500000  0.0500000  0.0500000  0.0500000  0.0500000

  0.0010000  0.9990000  0.0000000 
  0.0010000  0.9990000  0.0000000 
  0.0010000  0.9990000  0.0000000 

  0.1761913  0.0108516  0.1504099  0.0537265  0.0033872  0.0100641  0.0130953  0.2622140  0.0046121  0.0069779  0.0090232  0.0420075  0.0037061  0.0029552  0.0080738  0.0719547  0.1513516  0.0015195  0.0034521  0.0144264
  0.0500000  0.0500000  0.0500000  0.0500000  0.0500000  0.0500000  0.0500000  0.0500000  0.0500000  0.0500000  0.0500000  0.0500000  0.0500000  0.0500000  0.0500000  0.0500000  0.0500000  0.0500000  0.0500000  0.0500000

  0.9900000  0.0050000  0.0050000 
  0.9900000  0.0100000  0.0000000 
  0.9900000  0.0000000  0.0100000 

  0.0479056  0.0050214  0.0041388  0.0030841  0.0031368  0.0046444  0.0051118  0.0044064  0.0075027  0.1016892  0.0637788  0.0048235  0.0112917  0.0781705  0.0038116  0.0124357  0.0399303  0.0051679  0.3650465  0.2289021
  0.0500000  0.0500000  0.0500000  0.0500000  0.0500000  0.0500000  0.0500000  0.0500000  0.0500000  0.0500000  0.0500000  0.0500000  0.0500000  0.0500000  0.0500000  0.0500000  0.0500000  0.0500000  0.0500000  0.0500000

  0.9900000  0.0050000  0.0050000 
  0.9900000  0.0100000  0.0000000 
  0.9900000  0.0000000  0.0100000 

  0.0233691  0.0060286  0.0094130  0.0065624  0.0035637  0.0077770  0.0070247  0.0075994  0.0039982  0.1509633  0.1853533  0.0084313  0.0701810  0.0186683  0.0478684  0.1024331  0.1033470  0.0026067  0.0778392  0.1569725
  0.0500000  0.0500000  0.0500000  0.0500000  0.0500000  0.0500000  0.0500000  0.0500000  0.0500000  0.0500000  0.0500000  0.0500000  0.0500000  0.0500000  0.0500000  0.0500000  0.0500000  0.0500000  0.0500000  0.0500000

  0.9900000  0.0050000  0.0050000 
  0.9900000  0.0100000  0.0000000 
  0.9900000  0.0000000  0.0100000 

  0.0141542  0.0030559  0.0033461  0.0024943  0.0028611  0.0036484  0.0035442  0.0854482  0.0828920  0.2049535  0.1831890  0.0038302  0.0223637  0.1244766  0.0030276  0.0052295  0.0116707  0.0021501  0.0135069  0.2241578
  0.0500000  0.0500000  0.0500000  0.0500000  0.0500000  0.0500000  0.0500000  0.0500000  0.0500000  0.0500000  0.0500000  0.0500000  0.0500000  0.0500000  0.0500000  0.0500000  0.0500000  0.0500000  0.0500000  0.0500000

  0.9900000  0.0050000  0.0050000 
  0.9900000  0.0100000  0.0000000 
  0.9900000  0.0000000  0.0100000 

  0.0183890  0.0092483  0.0465539  0.0231844  0.0026587  0.0182197  0.2394671  0.0897937  0.0455090  0.0147189  0.0097892  0.0161176  0.0036219  0.0066129  0.0070108  0.0814775  0.1234021  0.1719702  0.0395203  0.0327350
  0.0500000  0.0500000  0.0500000  0.0500000  0.0500000  0.0500000  0.0500000  0.0500000  0.0500000  0.0500000  0.0500000  0.0500000  0.0500000  0.0500000  0.0500000  0.0500000  0.0500000  0.0500000  0.0500000  0.0500000

  0.9900000  0.0050000  0.0050000 
  0.9900000  0.0100000  0.0000000 
  0.9900000  0.0000000  0.0100000 

  0.0147081  0.0031450  0.0044417  0.0034344  0.0027753  0.0041165  0.0036544  0.1693010  0.0020598  0.1988473  0.2439087  0.0045697  0.0259867  0.0887159  0.0033811  0.0329132  0.0138836  0.0020615  0.0104671  0.1676290
  0.0500000  0.0500000  0.0500000  0.0500000  0.0500000  0.0500000  0.0500000  0.0500000  0.0500000  0.0500000  0.0500000  0.0500000  0.0500000  0.0500000  0.0500000  0.0500000  0.0500000  0.0500000  0.0500000  0.0500000

  0.9900000  0.0050000  0.0050000 
  0.9900000  0.0100000  0.0000000 
  0.9900000  0.0000000  0.0100000 

  0.0395279  0.0018667  0.0049049  0.0035566  0.0013941  0.0023835  0.0023524  0.9126328  0.0016297  0.0018282  0.0020359  0.0029056  0.0014595  0.0013413  0.0026771  0.0088026  0.0033928  0.0011909  0.0015365  0.0025813
  0.0500000  0.0500000  0.0500000  0.0500000  0.0500000  0.0500000  0.0500000  0.0500000  0.0500000  0.0500000  0.0500000  0.0500000  0.0500000  0.0500000  0.0500000  0.0500000  0.0500000  0.0500000  0.0500000  0.0500000

  0.9900000  0.0050000  0.0050000 
  0.9900000  0.0100000  0.0000000 
  0.9900000  0.0000000  0.0100000 

  0.1418795  0.0042086  0.0093071  0.0064269  0.0025418  0.0060910  0.0060767  0.5480640  0.0430427  0.0093012  0.0685180  0.0075871  0.0067658  0.0041540  0.0052881  0.0974844  0.0179490  0.0014193  0.0032183  0.0106765
  0.0500000  0.0500000  0.0500000  0.0500000  0.0500000  0.0500000  0.0500000  0.0500000  0.0500000  0.0500000  0.0500000  0.0500000  0.0500000  0.0500000  0.0500000  0.0500000  0.0500000  0.0500000  0.0500000  0.0500000

  0.9900000  0.0050000  0.0050000 
  0.9900000  0.0100000  0.0000000 
  0.9900000  0.0000000  0.0100000 

  0.0103971  0.0071375  0.8028775  0.0433348  0.0022021  0.0107276  0.0152612  0.0173013  0.0107695  0.0027954  0.0026401  0.0143545  0.0023950  0.0016917  0.0043239  0.0299222  0.0143545  0.0012357  0.0030379  0.0032406
  0.0500000  0.0500000  0.0500000  0.0500000  0.0500000  0.0500000  0.0500000  0.0500000  0.0500000  0.0500000  0.0500000  0.0500000  0.0500000  0.0500000  0.0500000  0.0500000  0.0500000  0.0500000  0.0500000  0.0500000

  0.0010000  0.9990000  0.0000000 
  0.0010000  0.9990000  0.0000000 
  0.0010000  0.9990000  0.0000000 

  0.0048844  0.0030542  0.0178590  0.8664484  0.0013451  0.0059831  0.0251181  0.0054417  0.0024055  0.0019979  0.0027274  0.0049311  0.0014027  0.0013792  0.0044625  0.0129792  0.0319538  0.0010863  0.0016734  0.0028670
  0.0500000  0.0500000  0.0500000  0.0500000  0.0500000  0.0500000  0.0500000  0.0500000  0.0500000  0.0500000  0.0500000  0.0500000  0.0500000  0.0500000  0.0500000  0.0500000  0.0500000  0.0500000  0.0500000  0.0500000

  0.9900000  0.0050000  0.0050000 
  0.9900000  0.0100000  0.0000000 
  0.9900000  0.0000000  0.0100000 

  0.0051554  0.0033086  0.0503003  0.7521075  0.0013690  0.0072677  0.0553657  0.0054149  0.0028318  0.0119933  0.0046142  0.0059111  0.0019395  0.0015833  0.0041133  0.0091889  0.0057502  0.0436495  0.0019190  0.0262167
  0.0500000  0.0500000  0.0500000  0.0500000  0.0500000  0.0500000  0.0500000  0.0500000  0.0500000  0.0500000  0.0500000  0.0500000  0.0500000  0.0500000  0.0500000  0.0500000  0.0500000  0.0500000  0.0500000  0.0500000

  0.9900000  0.0050000  0.0050000 
  0.9900000  0.0100000  0.0000000 
  0.9900000  0.0000000  0.0100000 

  0.1122684  0.0055399  0.0110437  0.0465574  0.0025541  0.0402495  0.0093686  0.3416540  0.0845553  0.0140113  0.0069982  0.0101618  0.0032603  0.0058290  0.0898345  0.1232157  0.0209573  0.0017172  0.0392992  0.0309246
  0.0500000  0.0500000  0.0500000  0.0500000  0.0500000  0.0500000  0.0500000  0.0500000  0.0500000  0.0500000  0.0500000  0.0500000  0.0500000  0.0500000  0.0500000  0.0500000  0.0500000  0.0500000  0.0500000  0.0500000

  0.9900000  0.0050000  0.0050000 
  0.9900000  0.0100000  0.0000000 
  0.9900000  0.0000000  0.0100000 

  0.0786966  0.0404647  0.0050747  0.0036984  0.0032225  0.0051301  0.0059698  0.0057780  0.0041366  0.1402006  0.0768648  0.0086398  0.0135729  0.2055781  0.0046347  0.0185266  0.0667255  0.0034176  0.1245015  0.1851663
  0.0500000  0.0500000  0.0500000  0.0500000  0.0500000  0.0500000  0.0500000  0.0500000  0.0500000  0.0500000  0.0500000  0.0500000  0.0500000  0.0500000  0.0500000  0.0500000  0.0500000  0.0500000  0.0500000  0.0500000

  0.9900000  0.0050000  0.0050000 
  0.9900000  0.0100000  0.0000000 
  0.9900000  0.0000000  0.0100000 

  0.0026272  0.0047764  0.0069898  0.0030814  0.0011940  0.0069898  0.0056696  0.0025005  0.9332480  0.0012978  0.0020036  0.0053719  0.0018525  0.0025264  0.0020783  0.0036760  0.0022260  0.0011378  0.0093773  0.0013756
  0.0500000  0.0500000  0.0500000  0.0500000  0.0500000  0.0500000  0.0500000  0.0500000  0.0500000  0.0500000  0.0500000  0.0500000  0.0500000  0.0500000  0.0500000  0.0500000  0.0500000  0.0500000  0.0500000  0.0500000

  0.9900000  0.0050000  0.0050000 
  0.9900000  0.0100000  0.0000000 
  0.9900000  0.0000000  0.0100000 

  0.0051356  0.0021947  0.0372112  0.0043207  0.0014485  0.0028018  0.0034506  0.0028591  0.0018042  0.0245654  0.0396819  0.0033607  0.0048320  0.0030624  0.8029523  0.0083995  0.0310874  0.0011602  0.0019219  0.0177499
  0.0500000  0.0500000  0.0500000  0.0500000  0.0500000  0.0500000  0.0500000  0.0500000  0.0500000  0.0500000  0.0500000  0.0500000  0.0500000  0.0500000  0.0500000  0.0500000  0.0500000  0.0500000  0.0500000  0.0500000

  0.9900000  0.0050000  0.0050000 
  0.9900000  0.0100000  0.0000000 
  0.9900000  0.0000000  0.0100000 

  0.1229339  0.0148405  0.1206363  0.0183077  0.0045764  0.0139087  0.0487828  0.0552842  0.0051018  0.0103887  0.0158211  0.0462406  0.0051183  0.0044984  0.0113269  0.1035501  0.3698330  0.0017568  0.0044969  0.0225969
  0.0500000  0.0500000  0.0500000  0.0500000  0.0500000  0.0500000  0.0500000  0.0500000  0.0500000  0.0500000  0.0500000  0.0500000  0.0500000  0.0500000  0.0500000  0.0500000  0.0500000  0.0500000  0.0500000  0.0500000

  0.9900000  0.0050000  0.0050000 
  0.9900000  0.0100000  0.0000000 
  0.9900000  0.0000000  0.0100000 

  0.1075840  0.0799196  0.0099745  0.0945231  0.0026324  0.0486608  0.1773452  0.0078298  0.0041828  0.0472568  0.0492978  0.0208293  0.0077443  0.0048477  0.1754186  0.0270044  0.0917824  0.0015957  0.0038936  0.0376773
  0.0500000  0.0500000  0.0500000  0.0500000  0.0500000  0.0500000  0.0500000  0.0500000  0.0500000  0.0500000  0.0500000  0.0500000  0.0500000  0.0500000  0.0500000  0.0500000  0.0500000  0.0500000  0.0500000  0.0500000

  0.9900000  0.0050000  0.0050000 
  0.9900000  0.0100000  0.0000000 
  0.9900000  0.0000000  0.0100000 

  0.2982030  0.0595181  0.0454750  0.0539931  0.0033795  0.0531080  0.1173756  0.0155825  0.0052676  0.0201225  0.0427072  0.1417917  0.0068117  0.0040684  0.0090795  0.0337011  0.0433914  0.0017350  0.0043251  0.0403641
  0.0500000  0.0500000  0.0500000  0.0500000  0.0500000  0.0500000  0.0500000  0.0500000  0.0500000  0.0500000  0.0500000  0.0500000  0.0500000  0.0500000  0.0500000  0.0500000  0.0500000  0.0500000  0.0500000  0.0500000

  0.0010000  0.9990000  0.0000000 
  0.0010000  0.9990000  0.0000000 
  0.0010000  0.9990000  0.0000000 

  0.3949081  0.0060078  0.0096508  0.0066721  0.0039717  0.0076375  0.0105162  0.3072364  0.0029562  0.0192691  0.0122860  0.0101145  0.0049154  0.0033088  0.0090308  0.0445761  0.0978277  0.0016450  0.0038493  0.0436208
  0.0500000  0.0500000  0.0500000  0.0500000  0.0500000  0.0500000  0.0500000  0.0500000  0.0500000  0.0500000  0.0500000  0.0500000  0.0500000  0.0500000  0.0500000  0.0500000  0.0500000  0.0500000  0.0500000  0.0500000

